# @package _global_
# configs/action_stats/cup.yaml
# 动作归一化统计参数 — cup 数据集
# 由 tools/preprocess/compute_stats.py 生成

action_min_absolute: [  -0.765007,  -0.002111,  -2.32075,   -0.62385,   -0.237099,  -0.357061,  -0.0011,   -0.052681,  -0.010152,   0.005652,   0.0,        0.266684,  -0.01563,   -0.0007]
action_max_absolute: [   0.133987,   2.448667,   0.005286,   0.197693,   1.220801,   0.531344,   0.0714,    0.029847,   0.0,         0.005652,   0.0,        0.275615,  -0.012106,  -0.0005]

action_min_relative: [  -0.055559,  -0.085964,  -0.108432,  -0.050622,  -0.096867,  -0.052559,  -0.0011,    0.0,       -0.000593,   0.0,        0.0,       -0.001657,  -0.00232,   -0.0007]
action_max_relative: [   0.050902,   0.076178,   0.095192,   0.053623,   0.129853,   0.066566,   0.0714,    0.012507,   0.00314,    0.0,        0.0,        0.001587,   0.002617,  -0.0005]

action_min_delta_first: [-0.6635,   -1.856722,  -1.517506,  -0.526146,  -1.445514,  -0.480338,  -0.0011,    0.0,       -0.000593,   0.0,        0.0,       -0.002215,  -0.00314,   -0.0007]
action_max_delta_first: [ 0.732386,  1.282797,   1.798808,   0.476256,   1.155525,   0.532844,   0.0714,    0.065136,   0.010152,   0.0,        0.0,        0.003122,   0.002808,  -0.0005]
