# @package _global_
# configs/action_stats/pick_pineapple.yaml
# 动作归一化统计参数 — pick_pineapple 数据集
# 由 tools/preprocess/compute_stats.py 生成

action_min_absolute: [  -0.757087,  -0.001867,  -2.282286,  -1.019323,  -0.277238,  -0.877346,  -0.001,     0.023759,   0.003628,   0.005094,  -0.012821,   0.118009,  -0.042127,  -0.0013]
action_max_absolute: [   0.131406,   2.519681,   0.011949,   0.34349,    1.205904,   1.15488,    0.0761,    0.088616,   0.023916,   0.008931,   0.039825,   0.290355,  -0.035167,   0.006]

action_min_relative: [  -0.058525,  -0.080504,  -0.071049,  -0.058996,  -0.067561,  -0.064874,  -0.001,     0.0,        0.0,        0.0,        0.0,       -0.009158,  -0.002756,  -0.0013]
action_max_relative: [   0.048756,   0.079266,   0.076963,   0.067072,   0.088476,   0.079248,   0.0761,    0.011949,   0.004535,   0.0,        0.0,        0.002128,   0.003018,   0.006]

action_min_delta_first: [-0.68288,  -1.846657,  -1.619449,  -0.782573,  -1.177313,  -0.881812,  -0.001,     0.0,        0.0,        0.0,        0.0,       -0.027579,  -0.003838,  -0.0013]
action_max_delta_first: [ 0.663326,  1.52389,    1.784504,   0.782154,   1.103926,   1.185965,   0.0761,    0.052803,   0.016362,   0.0,        0.0,        0.002215,   0.003977,   0.006]
