# @package _global_
# configs/action_stats/watercup.yaml
# Action normalization stats - watercup dataset
# Generated by tools/preprocess/compute_stats.py

action_min_absolute: [  -0.824421,  -0.00553,   -2.041803,  -0.145239,  -0.242786,  -0.224504,  -0.0012,   -0.002146,  -0.009751,   0.0116,     0.02866,    0.278616,  -0.029376,  -0.0005]
action_max_absolute: [   0.105152,   2.30601,    0.003611,   0.182429,   1.226697,   0.39399,    0.0555,   -0.002146,  -0.009751,   0.0116,     0.02866,    0.278616,  -0.025468,  -0.0003]

action_min_relative: [  -0.0374,    -0.074451,  -0.063863,  -0.024875,  -0.09807,   -0.025835,  -0.0012,    0.0,        0.0,        0.0,        0.0,        0.0,       -0.002111,  -0.0005]
action_max_relative: [   0.054669,   0.061455,   0.112618,   0.028399,   0.076178,   0.02273,    0.0555,    0.0,        0.0,        0.0,        0.0,        0.0,        0.002896,  -0.0003]

action_min_delta_first: [-0.660726,  -1.608912,  -1.541701,  -0.177057,  -1.394212,  -0.318353,  -0.0012,    0.0,        0.0,        0.0,        0.0,        0.0,       -0.003227,  -0.0005]
action_max_delta_first: [ 0.802215,   1.516006,   1.703564,   0.275511,   1.079557,   0.305706,   0.0555,    0.0,        0.0,        0.0,        0.0,        0.0,        0.003297,  -0.0003]